    0.223417607501382939E-96   -0.543091874270070434E+03    0.115348835614484835E+01    0.204130137516262478E+01    0.317981960332844382E+01    0.753597146631782344E+00    0.236537092656834957E+01    0.240865526800438445E+01    0.856196328161381137E+00    0.181419802629202565E+02    0.110880109239996072E+01    0.180025295692580883E+00    0.170345345484437729E+02    0.152873875053972874E+01    0.391753655938207740E-01    0.193659363830072522E+02    0.212811622586796734E+01    0.850579554359439105E-01    0.104247315255680437E+02    0.113968878064214141E+01    0.410555099249925615E+00
    0.397594041576214673E-95   -0.548949822034327099E+03    0.117554445684999376E+01    0.221838224824102381E+01    0.147871181066912705E+01    0.672350075309540607E+00    0.131342722849301019E+01    0.346025317092572093E+01    0.899475055652945388E+00    0.653303815541185529E+01    0.185257959537243555E+01    0.858167373012834328E-01    0.156703250365851492E+02    0.215582377007073855E+01    0.193508465252265088E+00    0.163958353099379863E+02    0.155972841975927912E+01    0.161358338393180312E+00    0.101578899272492595E+02    0.852309946705048782E+00    0.405024777915064971E+00
    0.402768088741723834E-95   -0.549075680925188294E+03    0.103793397540400845E+01    0.502206782351548475E+00    0.340078548149499582E+01    0.975059639118880495E+00    0.171796844625193357E+01    0.369820038871750212E+01    0.649619418824490147E+00    0.771568884571290248E+01    0.226476982773790159E+01    0.134682419577361351E+00    0.132309376437699004E+02    0.100026639320715449E+01    0.152406354246949649E+00    0.122913869355453258E+02    0.113774451882697747E+01    0.384914838631688142E-01    0.102912142471893695E+02    0.125706936531713120E+01    0.486738723417495633E+00
    0.177219632940579976E-94   -0.552138908897744273E+03    0.987586645934926843E+00    0.940006171302710247E+00    0.245944886591085732E+01    0.532892290517945177E+00    0.286005685837796264E+01    0.138288971881914979E+01    0.654455359838377548E+00    0.923143328267459751E+01    0.167287125685176741E+01    0.133139251523125723E+00    0.170108094945906743E+02    0.165755669078085477E+01    0.131745841169659872E+00    0.183790519632813840E+02    0.205326308756126918E+01    0.105221928996222250E+00    0.108260307713656729E+02    0.157010345630463721E+01    0.486892844172674200E+00
    0.955853415305946826E-94   -0.555609338382975579E+03    0.972390406876545765E+00    0.360234183073043779E+00    0.138449090719223022E+01    0.580411186218261710E+00    0.203056583404541025E+01    0.202603757381439209E+01    0.879596976637840200E+00    0.174560561776161194E+02    0.239301133155822754E+01    0.117956733703613280E-01    0.148562356829643250E+02    0.165939009189605713E+01    0.219531643390655506E-01    0.657996684312820435E+01    0.913984537124633789E+00    0.771415477991104076E-01    0.114753222465515137E+02    0.590688079595565796E+00    0.404719939231872605E+00
    0.281629700773247926E-93   -0.557870485609349771E+03    0.108025534039517246E+01    0.679936100683819711E+00    0.161189389618122103E+01    0.912310951361132272E+00    0.234198150729378529E+01    0.284291924114158512E+01    0.850133751122432724E+00    0.914233633388633748E+01    0.208737722090334321E+01    0.146433593112481997E+00    0.197495202222359083E+02    0.147709010593515089E+01    0.186931249131205568E-01    0.581060742905937211E+01    0.175891096471200958E+01    0.538511602281760426E-01    0.107190139347168145E+02    0.125296448259259940E+01    0.427772242562160954E+00
    0.131407012683099704E-91   -0.565656238748089436E+03    0.100380257160096842E+01    0.135546284302049358E+01    0.126676588884233698E+01    0.909918060077113178E+00    0.104695030704336056E+01    0.351924515389565196E+01    0.558334838973572167E+00    0.700904223708881347E+01    0.214880178218386764E+01    0.534387420279430481E-01    0.137110465136367168E+02    0.162342115833152101E+01    0.190464153426180338E+00    0.168241816811278682E+02    0.127580721623306248E+01    0.792998820349851696E-01    0.103332823272040049E+02    0.135019155033665439E+01    0.497644897518250695E+00
    0.226941412457259161E-91   -0.566849023579424284E+03    0.971508743848186973E+00    0.133639922995100391E+01    0.172104015997087911E+01    0.849792290544908235E+00    0.694152229390892050E+00    0.333704438503024203E+01    0.651809692238023208E+00    0.129937703261513171E+02    0.134281116100853204E+01    0.130369068407186733E+00    0.141914084802942462E+02    0.727056026684455681E+00    0.168275081872584331E+00    0.151943964490211254E+02    0.995601724267486832E+00    0.722543713261192821E-01    0.111130280111522115E+02    0.119128438634972511E+01    0.442189476857496544E+00
    0.463702770508268190E-91   -0.568378127333220959E+03    0.985490515060565397E+00    0.176188265212193640E+01    0.330422715979421922E+01    0.711208419918844870E+00    0.179995614987438968E+01    0.284875370059792754E+01    0.685952725617936077E+00    0.173354070478653668E+02    0.204257711340076531E+01    0.163371877152046402E+00    0.659660104805501479E+01    0.138108164699757285E+01    0.125774084589889895E+00    0.169956359144127447E+02    0.148069158600113049E+01    0.250249013609069246E-01    0.107863496080567351E+02    0.113925536516462333E+01    0.456798704095378205E+00
    0.112275241305200083E-89   -0.574851886909276118E+03    0.110366898575588168E+01    0.191692397210595011E+01    0.397727744769474167E+01    0.572422767700944357E+00    0.163626001998589077E+01    0.198047373095415802E+01    0.583615052286180047E+00    0.699779417377608493E+01    0.920372086352385210E+00    0.106859024026043165E+00    0.576546820552657557E+01    0.616867668109373546E+00    0.180914001379526707E+00    0.136496820422147831E+02    0.113829941413237679E+01    0.140091043643264773E+00    0.104444341633796203E+02    0.804633617583533800E+00    0.411484640505074828E+00
    0.131894900778108587E-89   -0.575273990971304784E+03    0.104179941704779422E+01    0.163722058818726457E+01    0.103990768410567269E+01    0.689619653347935513E+00    0.169063823268205726E+01    0.253552380115553966E+01    0.644808127314659640E+00    0.629633884899365093E+01    0.232016336547470381E+01    0.167804749136199610E-01    0.170720751591400912E+02    0.182016352066178833E+01    0.120256970036684396E+00    0.640251173102477100E+01    0.137376503918610426E+01    0.155539840302236138E+00    0.102880369946691435E+02    0.851112769608315167E+00    0.454614264934375234E+00
    0.660683365866497463E-87   -0.587806869949219617E+03    0.110345509482343673E+01    0.285009378867707586E+01    0.175488770569669095E+01    0.631109542665113321E+00    0.509412582803604796E+00    0.291132696582749562E+01    0.912100359979545083E+00    0.189326960553621184E+02    0.243195247149698002E+01    0.876981263581637221E-01    0.143009882297835436E+02    0.171397996078202564E+01    0.129718437463273800E+00    0.125198678445130671E+02    0.240513053001144694E+01    0.906310815400276915E-01    0.104716926576694611E+02    0.527161121024961266E+00    0.402748318464816346E+00
    0.892649780804528529E-84   -0.602324219745212531E+03    0.105878532516750834E+01    0.668720510750978603E+00    0.218850706653122984E+01    0.784616638128980082E+00    0.508270372587086627E+00    0.278827844537457281E+01    0.834580170787752040E+00    0.110370384012369591E+02    0.193831193307340444E+01    0.154989855048442843E+00    0.147166851249911002E+02    0.117261965199867646E+01    0.180042344952900224E+00    0.123670757137644145E+02    0.137474932356829282E+01    0.425361809308548514E-01    0.105338873464927190E+02    0.102389641983774116E+01    0.421801766637038889E+00
    0.126152802437731757E-83   -0.603115989068720637E+03    0.104184349245150476E+01    0.294264428388105248E+01    0.116942333529860121E+01    0.892935187944902342E+00    0.179583685950105743E+01    0.236071904526282061E+01    0.714372296368733561E+00    0.864499497406562867E+01    0.129285105735199646E+01    0.184526242822673769E-01    0.871590832350252320E+01    0.125570150463094921E+01    0.361018102388270049E-01    0.164685394090058956E+02    0.149759280190490007E+01    0.131436763957171604E+00    0.107651821521880589E+02    0.169521319267464055E+01    0.451572383121873810E+00
    0.567099397200489307E-83   -0.606222070472931364E+03    0.104810344836633074E+01    0.163777593856082548E+01    0.175115916214735989E+01    0.887890142642250746E+00    0.154889743849628214E+01    0.277801292474245454E+01    0.554945376672724477E+00    0.926000947733582791E+01    0.100703047486001496E+01    0.767163120348804267E-01    0.163455723362321237E+02    0.834658339219370271E+00    0.705283768775086667E-01    0.134814367712351082E+02    0.747213867089479566E+00    0.157174565605002453E+00    0.106943521290613610E+02    0.142731315830217609E+01    0.434175078585615437E+00
    0.527273018763060132E-82   -0.610781608427907599E+03    0.989760797065689313E+00    0.261516940943108356E+01    0.193879900049531217E+01    0.811316637801141827E+00    0.158859351172379926E+01    0.267857076397002114E+01    0.504110067565339937E+00    0.118843347019947458E+02    0.208934068099412507E+01    0.771489969784776158E-01    0.161465249612178212E+02    0.143638373521047580E+01    0.125829155362407567E-01    0.840537130047772685E+01    0.120684793467752915E+01    0.153680306907739150E+00    0.107067576950452459E+02    0.123896834277197110E+01    0.446771884864276603E+00
    0.666057618883846104E-82   -0.611348923838060273E+03    0.106310979210658774E+01    0.303231547260282119E+00    0.120333965660138209E+01    0.771904428858104286E+00    0.252540984315224248E+01    0.209686683092254977E+01    0.515422720334933637E+00    0.118933686949400190E+02    0.103565294907220418E+01    0.147599015901657471E+00    0.763582749311587339E+01    0.174859018791362120E+01    0.681198748332034754E-01    0.119800533499487649E+02    0.922336472959467191E+00    0.136600253822297332E-01    0.107243771697505519E+02    0.115237235039854058E+01    0.408410174887199884E+00
    0.700934436377919177E-82   -0.611551000182693997E+03    0.102197944567508037E+01    0.995273405002395251E+00    0.163699851672595242E+01    0.539917231463203695E+00    0.575853107306601331E+00    0.192020146443387452E+01    0.542010272483761768E+00    0.591795398926871563E+01    0.130667201358064378E+01    0.842278942554085253E-01    0.113862308713807323E+02    0.549973604031645413E+00    0.634934054385966340E-01    0.621328142293228591E+01    0.101439009667018132E+01    0.109929131684866163E+00    0.106098557214657436E+02    0.933961340202161483E+00    0.425472752192934955E+00
    0.604418075037728073E-81   -0.615959873932181608E+03    0.110166470172081055E+01    0.164159435800250408E+01    0.197793318866205325E+01    0.899412802296717828E+00    0.236335190314263532E+00    0.364482915115451345E+01    0.927160803200615780E+00    0.102635673221648993E+02    0.204097174772248158E+01    0.667754974441797516E-01    0.118655169672373688E+02    0.121460527762755799E+01    0.833304247268080722E-01    0.191745056480388456E+02    0.180806095683141277E+01    0.310211018358601889E-01    0.100281632951044148E+02    0.126100048002365073E+01    0.443229646531956956E+00
    0.415417611756605969E-78   -0.629125420834027636E+03    0.103213473648768495E+01    0.147169602133564736E+01    0.187865027082724390E+01    0.749734129366836477E+00    0.760477625741419083E+00    0.387956827340099419E+01    0.578673313424417968E+00    0.652568191221429927E+01    0.162144263935512267E+01    0.742098769769583833E-01    0.719075454644663292E+01    0.109110835999403788E+01    0.616951603673702303E-01    0.136976469567373300E+02    0.110712077192766545E+01    0.341084628016462624E-01    0.101178105961645883E+02    0.871743839859249747E+00    0.448570256905559239E+00
    0.182210750694179089E-77   -0.632182350380708726E+03    0.101611988959828392E+01    0.163809919992281183E+01    0.204182471641365115E+01    0.784836987551680187E+00    0.620719871820583413E+00    0.268003484793886715E+01    0.735132809075977667E+00    0.151416099878741424E+02    0.125467527279139124E+01    0.729260288092343778E-01    0.972442844433201081E+01    0.102629618045025128E+01    0.472814879642191599E-01    0.191156014354752060E+02    0.125748022239879953E+01    0.387851700851776712E-01    0.108799080298265913E+02    0.111591340126256022E+01    0.408574473750867029E+00
    0.789661966607857327E-75   -0.644425572703739363E+03    0.105141957060577185E+01    0.193908098467707513E+01    0.292669850405595255E+01    0.518128148516395104E+00    0.187677661273999363E+01    0.168839113529431017E+01    0.829637060299031059E+00    0.111067039314579468E+02    0.193328718000331046E+01    0.149245480810040521E+00    0.814757713325101207E+01    0.134625110022605421E+01    0.131279105016748665E+00    0.121656573699157988E+02    0.210472050900276031E+01    0.771124586380296656E-01    0.106653777492527588E+02    0.105765569036800655E+01    0.400898936781593718E+00
    0.172974645099318211E-74   -0.646093823009961852E+03    0.103969616527250297E+01    0.222825630493658045E+01    0.382919986212636188E+01    0.900628973411997547E+00    0.159808130232004042E+01    0.262001341126573983E+01    0.834520284670680290E+00    0.964622148677582381E+01    0.213909249341749952E+01    0.529018221832929722E-01    0.930346140083582362E+01    0.104703110662144727E+01    0.171921149610411966E+00    0.199205684812174368E+02    0.166832650465005150E+01    0.100082177048447643E+00    0.100879897111280865E+02    0.152682805380617159E+01    0.475454118240099699E+00
    0.141812107411257769E-73   -0.650401709137018202E+03    0.116306643565732015E+01    0.125322669053633695E+01    0.107430640963650470E+01    0.976561182104509484E+00    0.286101108956421379E+01    0.319913896125708508E+01    0.752080585654504530E+00    0.931951786561550932E+01    0.175644329541061284E+01    0.175199739611188260E+00    0.132344120454901635E+02    0.130162430259707018E+01    0.177885197078987672E+00    0.739048847755905136E+01    0.153134154009967127E+01    0.113253072554079640E+00    0.101739850676662069E+02    0.160985687981926251E+01    0.406563852571230677E+00
    0.178403259394708516E-73   -0.650960796128932884E+03    0.980560693235468128E+00    0.125941151110821470E+01    0.327049736015709147E+01    0.799460913389899219E+00    0.153323812997757059E+01    0.238297528723656171E+01    0.602179133034332459E+00    0.161137843342878142E+02    0.203669979420246205E+01    0.629018015926294805E-01    0.156134314283240485E+02    0.655507318562788655E+00    0.656843756157740044E-01    0.186236455186184315E+02    0.176791221139337451E+01    0.793527202203692522E-01    0.101027443518614160E+02    0.155870279903061593E+01    0.503742624779196291E+00
    0.255778186804605939E-72   -0.656386494556850607E+03    0.100573481062900805E+01    0.141851544972498678E+01    0.217256908095036660E+01    0.600676061128145977E+00    0.189678165956534039E+01    0.114387491363751215E+01    0.585462408968226766E+00    0.199543561346103502E+02    0.120049104001578777E+01    0.155149045868396424E+00    0.149785101639589975E+02    0.154146923369324673E+01    0.145059227898505866E+00    0.142113288604542802E+02    0.105544686458390879E+01    0.124190295866149727E+00    0.108143052452458726E+02    0.108489983981150084E+01    0.406680771695636711E+00
    0.185407582972652919E-71   -0.660448156626457603E+03    0.970405530236118419E+00    0.173734614434881873E+01    0.261025934562910278E+01    0.636165084710411999E+00    0.190408752432075801E+01    0.233875174673575925E+01    0.528285570303486440E+00    0.656914069388876420E+01    0.173956975146955073E+01    0.139862582877334024E+00    0.145519133339965361E+02    0.145262708076057523E+01    0.133731886969568531E+00    0.152902092577418713E+02    0.157464639662251060E+01    0.113845791240690997E+00    0.104752991612640116E+02    0.137420493709021518E+01    0.460347720707029950E+00
    0.435686888769918188E-70   -0.666862061387312224E+03    0.972909552030196689E+00    0.905714708876285357E+00    0.372412572274934206E+01    0.667063499133817350E+00    0.146031823939791283E+01    0.189419265776453827E+01    0.796183653818842263E+00    0.130253533232275132E+02    0.212759944467705564E+01    0.148527305308279928E+00    0.106672311093281174E+02    0.833280272559064450E+00    0.121869747652562976E+00    0.111413347438465280E+02    0.105033961577982859E+01    0.721904751083292939E-01    0.107364453671273310E+02    0.124300036149607607E+01    0.429388325640322532E+00
    0.205569789949875216E-68   -0.674670125252102707E+03    0.964811812555277482E+00    0.265938815194449463E+01    0.270297221018036504E+01    0.724401228048825563E+00    0.280544405768060345E+01    0.310087119052749927E+01    0.517346297074052108E+00    0.108593295144029547E+02    0.200888038606810193E+01    0.136115910647005345E+00    0.157344151188835752E+02    0.114978285296449534E+01    0.132208942304055194E+00    0.196900532302708555E+02    0.245147365263675088E+01    0.134849313246232699E+00    0.107403383026426109E+02    0.181460264012619632E+01    0.470297763871309282E+00
    0.265573202395001406E-67   -0.679887505300433872E+03    0.995313718693891070E+00    0.818309529420891968E+00    0.296811704902038276E+01    0.913329284341716674E+00    0.202256292961446205E+01    0.147234525687684314E+01    0.681067839193504332E+00    0.165247741328224294E+02    0.165140700516620553E+01    0.243815032402614588E-01    0.977118031614332949E+01    0.506613869139017958E+00    0.807406297302087211E-01    0.164162963129202666E+02    0.133171347805417750E+01    0.609186993332098345E-01    0.103721814602181173E+02    0.165748645825160423E+01    0.470493867170759472E+00
    0.138389493462929812E-66   -0.683289038702625589E+03    0.102694192942760743E+01    0.149093743142168833E+01    0.315239723409204897E+01    0.688348936951253321E+00    0.148424221700354242E+00    0.300870293224947938E+01    0.512495011340917128E+00    0.731201950088675900E+01    0.192871253511972540E+01    0.886275477705918552E-01    0.108759256658987020E+02    0.714086290702360182E+00    0.614199833209505552E-01    0.107101250004850677E+02    0.929090089317259782E+00    0.950852708169883098E-01    0.104081284233099165E+02    0.903527936200815951E+00    0.408877627363762541E+00
    0.334564581580773689E-65   -0.689759724496447575E+03    0.101709050349378805E+01    0.203659938853903189E+01    0.359613177996357214E+01    0.848425615397977007E+00    0.280030665594014749E+01    0.204251447339280556E+01    0.589297793983555973E+00    0.140344147204881295E+02    0.219118730933774986E+01    0.103611880555709190E+00    0.145572422967393660E+02    0.518587329232005123E+00    0.691237137133620394E-01    0.109207826909710661E+02    0.198404815598869533E+01    0.144513177206304272E+00    0.108360558161635847E+02    0.175201405435451640E+01    0.429973400719081744E+00
    0.182451111564594073E-64   -0.693252199333164185E+03    0.974216090781310773E+00    0.216976036270160844E+01    0.238170914130137668E+01    0.804240773177755774E+00    0.242859446294539083E+01    0.266963126880636592E+01    0.701972422852847444E+00    0.145969114491675924E+02    0.218354899460842411E+01    0.110378772668923111E+00    0.143103167069450556E+02    0.120780658485239067E+01    0.123174587398277607E+00    0.571961034865620466E+01    0.202283584517733894E+01    0.730075275327331796E-01    0.101430939447218282E+02    0.812615066499815297E+00    0.443451099469398424E+00
    0.354161996590758342E-63   -0.699283913860450070E+03    0.102323811172735257E+01    0.113237926851378945E+01    0.103130153223063092E+01    0.869891677742105962E+00    0.154686230495111388E+01    0.216901320888832938E+01    0.849208742194385247E+00    0.106661342749599424E+02    0.161974933484510553E+01    0.521733966254723791E-01    0.113861201633654670E+02    0.106704230502465469E+01    0.624783211715728426E-01    0.174806073608256902E+02    0.176378258155664636E+01    0.492631702651334658E-01    0.109405978618217041E+02    0.179000002344643883E+01    0.419937253786824949E+00
    0.554880495085093692E-63   -0.700281910541336060E+03    0.102123052608362075E+01    0.100930370860619001E+01    0.251290822400245561E+01    0.571871941497649083E+00    0.293157214074181938E+00    0.188893673891569236E+01    0.766300995896567638E+00    0.530194834389627978E+01    0.236466188098791363E+01    0.688068010380279843E-01    0.141231716691807705E+02    0.757850110115593334E+00    0.657755704680183795E-01    0.126434253171582398E+02    0.228454188598110308E+01    0.621309871031041488E-01    0.103413030519802760E+02    0.130234682214935482E+01    0.429422255285190457E+00
    0.306472970458216391E-62   -0.703799834322042898E+03    0.965525302905477223E+00    0.114406228991199482E+00    0.162278641721029837E+01    0.588465113131717565E+00    0.125430004294561415E+01    0.147440248083433278E+01    0.735588635806039282E+00    0.112815410892304637E+02    0.193668387264681985E+01    0.119914885734345472E+00    0.144550732333166092E+02    0.151872196840983698E+01    0.146184991931455566E+00    0.709527138103020061E+01    0.100053378992176167E+01    0.502152106488838804E-01    0.100294774602940198E+02    0.854473014083024451E+00    0.453526999517619878E+00
    0.515706043961484050E-61   -0.709545819222344107E+03    0.978169690774868150E+00    0.681000022328057897E+00    0.346889933217580371E+01    0.704679751068706839E+00    0.206272638532163377E+01    0.146805302722894471E+01    0.890009098245255315E+00    0.151673630859600319E+02    0.186594330971535904E+01    0.144052838723847526E+00    0.127125256610805195E+02    0.112856071042407491E+01    0.140355107748988961E+00    0.180248131152666105E+02    0.141375078454845804E+01    0.594359974195814295E-01    0.106828168701035224E+02    0.156575564411464940E+01    0.436660649438232906E+00
    0.364798096744289254E-60   -0.713558603648377812E+03    0.104731918439530780E+01    0.177799242216451825E+01    0.119977505389570593E+01    0.738361461350837356E+00    0.646873920222410081E+00    0.126107104791012414E+01    0.676883888828540670E+00    0.180842278918199639E+02    0.113095385691137240E+01    0.564791970583840702E-01    0.150168971580303765E+02    0.143248716298448531E+01    0.164472880923391879E+00    0.135367008283112185E+02    0.114132002391313669E+01    0.121082823083917351E+00    0.100856527566562040E+02    0.854765300615276225E+00    0.411343373977455296E+00
    0.561779703384972123E-59   -0.719127305324883309E+03    0.994323466275261802E+00    0.164524079461848016E+01    0.263382522998748669E+01    0.680981359553192167E+00    0.197845857272297032E+00    0.220249474344733009E+01    0.597996055453383968E+00    0.595063156504655932E+01    0.134191079478576980E+01    0.779675751748736962E-01    0.927389811544185605E+01    0.798661849809545465E+00    0.226586413720008539E-01    0.830805659097452143E+01    0.555633245371934592E+00    0.912003291952835221E-01    0.103695049622382278E+02    0.837111204270757026E+00    0.409849120333171446E+00
    0.182717074391266577E-58   -0.721586133768313061E+03    0.104458614491114576E+01    0.187345639338871994E+00    0.105025669355873541E+01    0.637212968985225725E+00    0.520835236965897397E+00    0.249278149064127152E+01    0.508598752839149904E+00    0.171948907465438623E+02    0.200928493343892134E+01    0.624325893385766911E-01    0.138884513091806348E+02    0.815443555899209471E+00    0.133880128240919966E+00    0.954934750926460296E+01    0.135434026016093978E+01    0.608020698795582945E-01    0.100318628102765928E+02    0.825748083511423037E+00    0.412805099480902771E+00
    0.176759847047460324E-57   -0.726225010154385359E+03    0.967310128812346792E+00    0.257805923566633588E+01    0.351621302755876197E+01    0.618476012065925174E+00    0.118642355577071168E+01    0.307061062897200365E+01    0.606630454081012904E+00    0.153836160250990428E+02    0.243880226029195679E+01    0.119844859010042826E+00    0.127172894797130489E+02    0.931139462944791885E+00    0.141727229317134412E+00    0.824771686648089997E+01    0.155499562596966201E+01    0.120698836081305522E+00    0.103498607869607202E+02    0.618375133290458456E+00    0.413637755247044492E+00
    0.233536965729337871E-57   -0.726882106876592275E+03    0.103417388499482366E+01    0.176875995745635795E+01    0.160691446154599560E+01    0.613313614313529043E+00    0.554340641702897763E+00    0.147119691177478695E+01    0.886108843783654843E+00    0.810444568753615613E+01    0.192575907311598726E+01    0.358815540246362405E-01    0.735998037594761456E+01    0.222921811218043242E+01    0.116211729800850941E+00    0.154532871128883347E+02    0.990953231609769891E+00    0.815173389386262270E-01    0.100620304994213310E+02    0.980138895402005383E+00    0.419064260044262227E+00
    0.223979735073202286E-55   -0.736108877655139736E+03    0.104672464923702835E+01    0.186413697993018124E+01    0.331685127923023737E+01    0.974398277502558807E+00    0.141403724862268843E+01    0.363816591362895059E+01    0.546098482057747803E+00    0.960082502720641706E+01    0.232794309786802067E+01    0.115700973111286076E+00    0.144665914563779232E+02    0.118711045900473167E+01    0.547152960394135177E-01    0.180331527654842461E+02    0.186436137205782004E+01    0.671797848288581828E-01    0.106616231708130069E+02    0.158097363380761236E+01    0.401909049750900083E+00
    0.215346967427095261E-55   -0.736130267555131127E+03    0.994435301567728969E+00    0.148889070763627318E+01    0.152075953076679227E+01    0.796621416076874311E+00    0.147937968453772162E+01    0.111772954303808936E+01    0.796118404526919954E+00    0.184767198509714632E+02    0.133442182095123330E+01    0.320651713108786526E-01    0.110251928449243568E+02    0.222548776324160968E+01    0.198094641948245803E+00    0.162384124779208037E+02    0.623264513443998358E+00    0.815819381125606757E-01    0.100300951932258311E+02    0.762940675397640766E+00    0.427065925746418162E+00
    0.218057911622401214E-53   -0.745465628222746318E+03    0.105966393283039850E+01    0.293102053365510384E+01    0.317929803378771991E+01    0.764721132775654566E+00    0.168415359185074398E+01    0.121272424689735159E+01    0.739655442563119547E+00    0.508139258465762822E+01    0.151080685521855651E+01    0.132892728941874899E+00    0.183105680368563988E+02    0.105790231740811658E+01    0.502811656388580872E-01    0.157014354936384652E+02    0.240541239563440090E+01    0.170354484936154127E+00    0.103688884263951717E+02    0.192578756548324925E+01    0.441295697670503695E+00
    0.811254918349379982E-53   -0.748193271529797698E+03    0.997087835029322966E+00    0.121899953730645239E+01    0.166227071501705659E+01    0.763390878556958974E+00    0.227883676142932856E+01    0.242624094809613045E+01    0.715153846131321158E+00    0.698658958641595262E+01    0.111880352755199231E+01    0.950336862058335508E-01    0.998341048637815476E+01    0.112555422686912765E+01    0.511666689976738864E-01    0.143355006471596589E+02    0.119772406454715563E+01    0.657895292128970743E-01    0.103519842174147669E+02    0.145048022379198605E+01    0.432393521428136585E+00
    0.161579267683063008E-52   -0.749671268742057691E+03    0.977503156936760154E+00    0.843930049819152983E+00    0.293061379122389454E+01    0.829138282398123705E+00    0.227106232928771945E+01    0.172603788404840097E+01    0.692349894079850148E+00    0.178549875734669641E+02    0.143810362126503399E+01    0.138224265041455685E+00    0.145427160659739947E+02    0.888750281429387279E+00    0.100006641607876715E+00    0.153327235206248975E+02    0.128589622271603021E+01    0.646532892674284848E-01    0.105196773325190609E+02    0.149217318152375666E+01    0.430431883770022838E+00
    0.138316609362822040E-49   -0.763275878268553015E+03    0.967819836078836815E+00    0.147292365465375918E+01    0.371993501439552698E+01    0.903788897378137834E+00    0.136644798328905503E+01    0.230471857688701176E+01    0.656923384022988444E+00    0.126886205428055590E+02    0.240423273925038705E+01    0.720405217918603930E-01    0.138604310178621724E+02    0.809952677338645066E+00    0.480998980252125494E-01    0.864060117903720837E+01    0.987582658912624867E+00    0.947672146092995854E-01    0.103076756577877635E+02    0.124192415981847248E+01    0.429535341750637623E+00
    0.173948471989203643E-48   -0.768439476033105620E+03    0.101715758008228918E+01    0.492088985198654516E+00    0.259281288222301054E+01    0.697431952462207239E+00    0.274642418433111146E+01    0.395539307812095187E+01    0.542409442172874900E+00    0.196267360268465154E+02    0.210968369059520766E+01    0.172344731721595562E+00    0.849366165569016829E+01    0.142893856861934365E+01    0.284928263820694236E-01    0.186561406872114617E+02    0.113890648589667398E+01    0.108921409200351087E-01    0.102954965718544571E+02    0.137816536741773721E+01    0.417120730350733493E+00
    0.159682821648418512E-47   -0.772973506950467709E+03    0.984628300327530570E+00    0.273680420073469177E+01    0.316955919250396878E+01    0.717882751820714593E+00    0.254132308259363926E+01    0.177869029667565814E+01    0.749036568687907134E+00    0.181832017440176301E+02    0.189218792561886850E+01    0.111856018941880533E+00    0.122666754679804217E+02    0.188849888501325625E+01    0.128151253057590231E+00    0.191297056894045667E+02    0.180387346607497534E+01    0.110660045869105203E+00    0.102151485883910471E+02    0.129659067053697052E+01    0.430035107683602758E+00
    0.697804810749856877E-47   -0.776023006830158010E+03    0.101769883518369819E+01    0.227149920604891165E+01    0.130720102743323952E+01    0.671595220453743869E+00    0.198777206511793092E+01    0.167076548133956138E+01    0.832129369531364071E+00    0.140299555920090899E+02    0.115723060755131724E+01    0.118952285205707151E+00    0.174477718655113065E+02    0.164535346815890748E+01    0.189081014326231062E+00    0.159123930190870535E+02    0.123673316163490576E+01    0.182017723593343256E+00    0.102400346977086265E+02    0.136673746654364137E+01    0.417994439024564401E+00
    0.938711685643668950E-47   -0.776716144760401107E+03    0.982626686938275262E+00    0.630448259518699317E+00    0.112553652345519084E+01    0.785693858174837167E+00    0.293687347221816974E+01    0.271672357833908018E+01    0.823124985251043606E+00    0.821621907962879128E+01    0.179054391441635330E+01    0.137447111906529557E+00    0.166685240043514113E+02    0.121533599323366448E+01    0.176181244649516872E-01    0.126043893232984061E+02    0.232337479704056227E+01    0.151855167742951831E-01    0.102399881453764934E+02    0.169972972966585578E+01    0.456607265009823293E+00
    0.133999866054243783E-46   -0.777527975771064348E+03    0.100272290750692084E+01    0.124084601328827926E+01    0.175440036603632032E+01    0.558630860934934304E+00    0.962590055487968832E+00    0.177397739672037114E+01    0.506166354446402678E+00    0.153446421382539384E+02    0.146217491409583866E+01    0.101129091698800758E+00    0.156218167895052478E+02    0.673443114602740645E+00    0.447452254349920350E-01    0.516899438855197424E+01    0.157704314294527292E+01    0.863769238239209119E-01    0.100324702789848157E+02    0.652458194330506447E+00    0.407518334955640826E+00
    0.380075061091422051E-45   -0.784318205881146127E+03    0.973533781452231683E+00    0.554465018708336643E+00    0.185586285669644080E+01    0.917112173610921344E+00    0.296648507270824613E+01    0.132227666084768769E+01    0.711565731051128303E+00    0.195483068385499834E+02    0.584634681462244954E+00    0.167700728627357631E+00    0.177318143184785697E+02    0.956138566793250599E+00    0.881939201087819091E-01    0.111465325034520877E+02    0.126048798129601836E+01    0.406813166267173190E-01    0.105010787583832155E+02    0.127535163555297415E+01    0.408937697312318216E+00
    0.552605504266294568E-45   -0.785166757102561633E+03    0.112901228223558836E+01    0.199270260462552029E+01    0.304556657645746753E+01    0.777416079285503159E+00    0.272629773555788679E+01    0.134031245429694534E+01    0.594221479745361769E+00    0.136006461315511036E+02    0.129885004521596126E+01    0.166029705578452536E+00    0.150389526634760671E+02    0.131225282214220540E+01    0.543956801475319954E-01    0.171195640686363326E+02    0.183633120967627916E+01    0.153370640798642210E+00    0.102375371970064464E+02    0.190727946630855727E+01    0.403193396614217214E+00
    0.966593958364755203E-44   -0.790990195560315897E+03    0.974954547336906785E+00    0.101630414403286129E+01    0.301000509867673838E+01    0.811106272371432624E+00    0.221096814797858521E+01    0.387312227790337138E+01    0.872747432382634969E+00    0.547419941548550870E+01    0.228929162542502507E+01    0.170267874320747636E+00    0.120284286321651237E+02    0.174014641555889038E+01    0.721551705336605925E-01    0.190584406853560075E+02    0.950465295905582930E+00    0.498734564573742253E-01    0.105365801316732028E+02    0.170206781267589990E+01    0.433125226752027359E+00
    0.277871718513968414E-40   -0.807017638412278757E+03    0.978213419660766137E+00    0.137600126257856825E+01    0.112442173300427783E+01    0.971282864145926905E+00    0.289485140005222918E+01    0.318791679606477230E+01    0.718526697593882657E+00    0.132009866547808219E+02    0.237781937610615834E+01    0.101400875715274806E-01    0.146934563622084795E+02    0.146797075540943212E+01    0.501403876192582643E-01    0.149419445958282768E+02    0.143681737849499980E+01    0.962022371489744260E-01    0.101196126897601300E+02    0.178552567529636463E+01    0.466154694130644975E+00
    0.316882964395063973E-40   -0.807380384302712855E+03    0.989221121826657557E+00    0.194689445373646808E+01    0.230614975828447788E+01    0.583112632064503367E+00    0.850115152794185480E+00    0.142054048467106209E+01    0.785039945700212294E+00    0.175171830756625653E+02    0.231707292959149314E+01    0.910718336410584750E-01    0.168402262422145981E+02    0.996651503421118190E+00    0.182608197115503801E+00    0.123895018116677171E+02    0.178619566735245350E+01    0.154257264926834420E+00    0.100027992746547429E+02    0.128676514018420551E+01    0.433316456875932787E+00
    0.439550477545921305E-40   -0.808134824411761201E+03    0.102297347552340900E+01    0.153414298046615150E+01    0.194457159903106658E+01    0.897939557176669734E+00    0.209430692159878129E+01    0.113561712886449628E+01    0.830100989164027192E+00    0.665664609377697847E+01    0.629628180969348028E+00    0.358382475920818663E-01    0.109869100204712051E+02    0.104765630061121007E+01    0.659150940406874747E-01    0.117465042464512379E+02    0.638457541685723773E+00    0.119818270824440479E+00    0.100596327745647685E+02    0.138402040915322377E+01    0.420746809363327423E+00
    0.800404170244145341E-39   -0.814038723098062746E+03    0.104755346431458674E+01    0.163338943970863304E+01    0.216421484111926787E+01    0.974952030134059289E+00    0.239367711996264543E+01    0.112126035336958929E+01    0.734959372493637519E+00    0.162886812427276091E+02    0.157648115977048686E+01    0.960052523990710671E-01    0.163803277640113194E+02    0.142536403802402534E+01    0.854972576157134595E-01    0.115136411387386737E+02    0.134798309825062446E+01    0.120534647899375513E+00    0.102774798446844571E+02    0.160560398652406300E+01    0.407550581761216113E+00
    0.142230472209714045E-38   -0.815288557229497883E+03    0.964745350127209744E+00    0.150857870650475490E+01    0.293204657965848003E+01    0.684292773984919833E+00    0.157621911205196308E+01    0.158354674116565408E+01    0.785512684560658148E+00    0.170967683532195096E+02    0.152573456117629158E+01    0.142487877332813928E+00    0.186135820941379464E+02    0.822672701314973276E+00    0.191866141030513360E-01    0.159747720932336854E+02    0.122855062979964269E+01    0.129224936580054600E+00    0.104989641091478578E+02    0.167823703480284703E+01    0.430989784948552279E+00
    0.205986451559030134E-38   -0.816129280453250203E+03    0.977265518105127184E+00    0.193402901015077333E+01    0.384159618704644856E+01    0.868122818464203805E+00    0.186319679638733748E+01    0.190104417390021108E+01    0.610428840957750518E+00    0.672784557305448683E+01    0.151362236407707895E+01    0.163529503985634234E+00    0.162891744040237683E+02    0.507156310697214452E+00    0.177094776248542633E-01    0.118205642487900597E+02    0.992080527355850394E+00    0.159127592692275555E+00    0.108021253262168955E+02    0.198569228737834780E+01    0.430753177540095678E+00
    0.786672368851013661E-38   -0.818909283373988046E+03    0.968122155420896524E+00    0.196005706836846305E+01    0.136406291148112246E+01    0.885243362487748042E+00    0.126011947789109491E+01    0.246284160407956154E+01    0.922086328048748127E+00    0.133403314209407107E+02    0.116324259763538773E+01    0.623725457015908216E-01    0.184859397434697854E+02    0.121776588171976274E+01    0.988934475989841077E-01    0.161322698502593198E+02    0.902335906762621542E+00    0.126306273801761071E+00    0.100680538067513350E+02    0.132406684714483602E+01    0.435720589718606555E+00
    0.232314844743632209E-37   -0.821175016926376657E+03    0.982015387507487181E+00    0.155450722705902833E+01    0.108933012365048532E+01    0.961602399109192318E+00    0.188816100727343583E+01    0.133213836035724786E+01    0.915992407279857423E+00    0.177199718508775739E+02    0.160310721020187774E+01    0.144174843910631883E-01    0.196898290706283987E+02    0.100508664972480544E+01    0.347916419289148737E-01    0.819781580195882498E+01    0.136250684747925943E+01    0.114911389114341039E+00    0.101110956908916840E+02    0.135336879853115688E+01    0.428076407387118774E+00
    0.758516237531496817E-37   -0.823641558256214694E+03    0.106431087728969631E+01    0.982039775437349438E+00    0.173219541560947388E+01    0.687009981244105727E+00    0.248204467864296285E+01    0.115103264062357380E+01    0.553414087113575093E+00    0.163976988262839356E+02    0.133021123430546973E+01    0.188355321936880260E+00    0.171717014164394612E+02    0.123092264932578122E+01    0.111636281346644967E+00    0.804532758741508935E+01    0.618932911220181903E+00    0.188768460720164510E+00    0.101240783492424260E+02    0.169201236731985327E+01    0.414719121066857987E+00
    0.986224063274013973E-36   -0.828871767177207403E+03    0.969040357404091446E+00    0.178881183375321706E+01    0.251937354338484365E+01    0.914976364006324316E+00    0.290185710098779115E+01    0.145436483210469025E+01    0.598016453202753873E+00    0.870032103513834443E+01    0.131587437287750308E+01    0.558977445488013994E-01    0.108008561285689471E+02    0.172970945489703731E+01    0.232709444911046240E-01    0.191968545965299313E+02    0.826127079410974074E+00    0.116109432999625131E+00    0.103035408393699264E+02    0.197944150149357778E+01    0.467580661428057431E+00
    0.262149688438833319E-35   -0.830927001557289941E+03    0.974878329881629146E+00    0.341242545886182080E+00    0.115332412026473863E+01    0.785215237048107362E+00    0.234270176473229519E+01    0.363025595016842750E+01    0.723282877964726123E+00    0.132358874264909723E+02    0.238926546785183280E+01    0.122152171002760476E+00    0.152880761619468615E+02    0.181010777215492280E+01    0.681799644875626110E-01    0.178554767282097870E+02    0.123710505828884498E+01    0.398665397455758644E-01    0.100812122658275172E+02    0.169356781653435950E+01    0.455532361676715458E+00
    0.697642268063710393E-35   -0.832984583139116694E+03    0.974026563408133761E+00    0.152685036723446216E+00    0.227786894397013207E+01    0.878106714750809036E+00    0.184166304173730455E+01    0.231996007343005495E+01    0.678871275772392035E+00    0.128037248682811118E+02    0.239224945495435604E+01    0.137424907029302379E+00    0.159823362594225244E+02    0.989102136643879915E+00    0.987240264718899363E-01    0.116488537498444877E+02    0.136482604579627598E+01    0.504508779144639263E-01    0.106204811657053764E+02    0.176606077583265764E+01    0.420782002485265039E+00
    0.574583724398085985E-34   -0.837301632044300959E+03    0.101594649572334350E+01    0.264146385603240774E+00    0.180322885640752784E+01    0.846161937254272578E+00    0.180732500048805989E+01    0.172090329391937424E+01    0.671035787994318622E+00    0.142537718817371122E+02    0.231250434760659296E+01    0.118222500103408665E+00    0.151335756578465990E+02    0.199219476607020862E+01    0.988363367013466998E-01    0.142203782813629402E+02    0.869395586859638803E+00    0.699962057050694114E-01    0.102475391344982789E+02    0.167460085700580286E+01    0.422137207376398982E+00
    0.621597041873139512E-34   -0.837558924482512566E+03    0.999135278806034810E+00    0.136860648272824470E+01    0.236627691846894450E+01    0.826848736131329809E+00    0.224724704231215622E+01    0.187935909743322349E+01    0.715785228884385893E+00    0.137045497551241748E+02    0.180567179528221722E+01    0.113485441603323300E+00    0.138702043972540281E+02    0.150846307776975230E+01    0.919917253778443494E-01    0.158863671667709063E+02    0.132775812165693541E+01    0.911764737663888214E-01    0.102986821066172762E+02    0.163210375701858745E+01    0.422147508528374460E+00
    0.591281396412334388E-34   -0.837558924482512566E+03    0.999135278806034810E+00    0.136860648272824470E+01    0.236627691846894450E+01    0.826848736131329809E+00    0.224724704231215622E+01    0.187935909743322349E+01    0.715785228884385893E+00    0.137045497551241748E+02    0.180567179528221722E+01    0.113485441603323300E+00    0.138702043972540281E+02    0.150846307776975230E+01    0.919917253778443494E-01    0.158863671667709063E+02    0.132775812165693541E+01    0.911764737663888214E-01    0.102986821066172762E+02    0.163210375701858745E+01    0.422147508528374460E+00
    0.562444262427284996E-34   -0.837558924482512566E+03    0.999135278806034810E+00    0.136860648272824470E+01    0.236627691846894450E+01    0.826848736131329809E+00    0.224724704231215622E+01    0.187935909743322349E+01    0.715785228884385893E+00    0.137045497551241748E+02    0.180567179528221722E+01    0.113485441603323300E+00    0.138702043972540281E+02    0.150846307776975230E+01    0.919917253778443494E-01    0.158863671667709063E+02    0.132775812165693541E+01    0.911764737663888214E-01    0.102986821066172762E+02    0.163210375701858745E+01    0.422147508528374460E+00
    0.833308570792680615E-34   -0.838445148415606809E+03    0.101831743760439375E+01    0.106147125261372199E+01    0.128146013385080892E+01    0.536916450016620472E+00    0.174943375779519217E+01    0.268957125405917585E+01    0.973712101855590761E+00    0.912713338687425590E+01    0.185919747217314302E+01    0.783273997681357553E-01    0.820289465996240175E+01    0.165281064630429797E+01    0.840454956885797744E-01    0.198745703147171753E+02    0.122824248412085901E+01    0.747647194574320995E-01    0.101588612846894062E+02    0.151150398816305787E+01    0.415449436387660742E+00
    0.141667274349880277E-33   -0.839606472927750474E+03    0.100836309286282066E+01    0.131693758819648354E+01    0.287603913805632194E+01    0.722924879566643197E+00    0.173347240236869382E+01    0.289480782969131045E+01    0.844803203380609768E+00    0.132850193626651141E+02    0.232583775076717592E+01    0.925620338437076889E-01    0.718885559274204855E+01    0.197080890901094508E+01    0.780077867658627716E-01    0.187072127255632168E+02    0.862452430959525840E+00    0.470339807653159525E-01    0.100247099276816627E+02    0.123099544623953427E+01    0.411359690514804643E+00
    0.278931498103905137E-33   -0.841061443038530115E+03    0.976789413469156709E+00    0.918388215780322370E+00    0.253034508558810511E+01    0.710925151678795109E+00    0.211573526618803998E+01    0.314433688678885881E+01    0.584787208787749369E+00    0.171760580598758459E+02    0.228347562225303591E+01    0.139312162413722296E+00    0.101576794468887641E+02    0.152690451947274952E+01    0.977991735377830018E-01    0.187546027965732236E+02    0.156484205296010748E+01    0.199338930408460499E-01    0.103391591359285204E+02    0.136205001861039365E+01    0.408491105196867488E+00
    0.137499290206429408E-24   -0.881094113035908322E+03    0.990656150331524987E+00    0.119677146556873626E+01    0.195213229560440360E+01    0.803740028369294368E+00    0.264320002167328028E+01    0.102502941027573380E+01    0.694007243701061816E+00    0.183924678728916433E+02    0.236679016437011969E+01    0.821002096346682142E-01    0.117734329727756233E+02    0.249300173054765040E+01    0.757549354048299567E-01    0.130043970122909052E+02    0.180233417601656343E+01    0.185947334025565458E-01    0.100568042065624059E+02    0.117039726331537208E+01    0.401652056486978104E+00
    0.330337777080609806E-15   -0.924293638595652737E+03    0.964941576592462047E+00    0.215756115259298742E+01    0.197984754734595825E+01    0.744168185944545479E+00    0.256060701020091885E+01    0.121501914258870602E+01    0.951077784267594151E+00    0.118061228944861654E+02    0.185598196393273351E+01    0.105783378940286055E+00    0.155864693083990993E+02    0.246263665331367987E+01    0.151523857441357435E+00    0.195131730410839594E+02    0.137396078277322964E+01    0.132689783582088772E+00    0.100951139257443714E+02    0.169861845665656186E+01    0.433680605956803744E+00
    0.999999999999982236E+00   -0.995586470547670274E+03    0.994653871489724506E+00    0.132587319511936053E+01    0.193581241102179646E+01    0.837525948953546706E+00    0.228585457783310186E+01    0.131120077160279136E+01    0.564234468529008382E+00    0.184446022409111237E+02    0.137643960815965083E+01    0.137467302226417371E+00    0.184235068832583124E+02    0.161325651124273861E+01    0.888249027651857315E-01    0.181665492284970469E+02    0.929543325650397878E+00    0.142180826365606916E+00    0.101181868144577951E+02    0.192000423304503465E+01    0.422863133405438074E+00
    0.206224833810282376E-31   -0.849668618223836120E+03    0.102840690504210075E+01    0.180095740278043159E+01    0.283580969247824211E+01    0.895058012569781458E+00    0.240409472599279406E+01    0.170890718088108295E+01    0.864092867943605847E+00    0.818374998613634830E+01    0.181595544316730972E+01    0.112181133163443386E+00    0.185530102718691730E+02    0.137112419237353400E+01    0.322039285775153408E-01    0.174196476463505050E+02    0.221594664105707739E+01    0.983141314226234214E-01    0.104246143063535186E+02    0.194066431086173874E+01    0.423227543426232478E+00
    0.107506726783830071E-27   -0.866786471808714168E+03    0.981276628263658246E+00    0.261657419633847121E+01    0.201083883536847630E+01    0.666324214219510935E+00    0.263361762490854545E+01    0.227293677876625644E+01    0.799090159857472671E+00    0.167138342261954733E+02    0.194481443171714785E+01    0.165531638018415195E+00    0.828335354143527880E+01    0.249713300123294601E+01    0.190149212014602720E+00    0.193067686532550411E+02    0.951319626470026214E+00    0.129625723421034067E+00    0.104353968877858865E+02    0.150823820715922974E+01    0.402984299080360986E+00
    0.104532518977941739E-19   -0.903571722874708712E+03    0.996635567706438241E+00    0.355360918008279292E+00    0.143596339783185445E+01    0.915813704805118256E+00    0.185481608871368575E+01    0.187877857719694275E+01    0.538314284852502656E+00    0.184252803070428541E+02    0.146973140566189731E+01    0.835096973748863242E-01    0.159056708654140433E+02    0.811488256589000700E+00    0.997567682561756597E-01    0.170722554348567321E+02    0.169858384937427687E+01    0.403186679997128497E-01    0.103753472500669464E+02    0.168532727100921775E+01    0.404940009400977796E+00
    0.193931382075596669E-32   -0.844940522829797601E+03    0.103137360550023360E+01    0.338396697028571003E+00    0.216210187700591128E+01    0.954006146913602859E+00    0.234030591347313655E+01    0.135180671282715892E+01    0.772928441343869510E+00    0.175477293459486745E+02    0.229364926818705106E+01    0.115064476149975364E+00    0.169273366290434097E+02    0.208024950357837657E+01    0.146903225679961336E+00    0.169499435502785190E+02    0.192427746301669012E+01    0.147720559667468936E-01    0.100749758668518190E+02    0.156547491619202361E+01    0.418058066096315906E+00
    0.523673337976492368E-26   -0.874558271332251138E+03    0.973814233595078127E+00    0.141588303866726872E+01    0.351701695140665427E+01    0.692360943595404232E+00    0.162981872512593240E+01    0.170794342259274390E+01    0.567890696960463459E+00    0.135975898773216972E+02    0.208523605697856240E+01    0.142290915006909130E+00    0.783228963821421065E+01    0.117050997383516031E+01    0.140300561344626901E+00    0.182503916013741367E+02    0.792130259636029788E+00    0.119639941072521253E+00    0.105684658088934231E+02    0.188249632688277435E+01    0.423552956739607911E+00
    0.121709530577472916E-26   -0.871639809771986393E+03    0.103355197254591191E+01    0.206869343607316436E+01    0.236624635718797371E+01    0.650187671708167603E+00    0.255664141608576312E+01    0.185259066750554213E+01    0.652692136564011149E+00    0.197215342165729304E+02    0.764136558944654265E+00    0.179506870596299828E+00    0.161591167610427782E+02    0.681271460806287421E+00    0.155003412922872202E+00    0.171179553949741461E+02    0.134853740053838722E+01    0.183041910763679594E+00    0.101938115736547541E+02    0.161573763667449510E+01    0.405309407514648778E+00
    0.498609777903752940E-18   -0.911301544205149753E+03    0.967704900844477800E+00    0.114336886405712446E+01    0.138617832955513043E+01    0.828545416339693475E+00    0.202284979850611446E+01    0.127015541638590768E+01    0.678117275114827445E+00    0.125775739599800360E+02    0.211522567013737373E+01    0.136614253296032967E+00    0.167859873530258277E+02    0.249607165984401647E+01    0.268951647661680796E-01    0.117366248446188468E+02    0.110337577940975073E+01    0.678369883324044798E-01    0.103263385751254031E+02    0.157647810456471671E+01    0.409454396767497508E+00
    0.650457599296792887E-28   -0.865781547010273130E+03    0.970353378350960138E+00    0.156670415840858390E+01    0.253875590625623904E+01    0.836114253464123047E+00    0.161426037702095360E+01    0.203810510481682572E+01    0.624775960498532346E+00    0.634813082750329727E+01    0.187407920838478459E+01    0.999270953798103018E-01    0.187014153603443560E+02    0.133724761126204061E+01    0.252469433412706584E-01    0.149913141668099090E+02    0.159190445882384801E+01    0.105138464188225964E+00    0.103093993629674454E+02    0.171866523279959571E+01    0.432087246243323064E+00
    0.768670450116500662E-29   -0.861510349264537581E+03    0.994954797981507655E+00    0.120734174988155574E+01    0.215709003173035541E+01    0.789232055279601274E+00    0.214390693198901383E+01    0.198351928828982826E+01    0.716553473102074734E+00    0.141376930003143606E+02    0.194707926405470366E+01    0.119421723437907565E+00    0.139247810277696686E+02    0.167406542687958471E+01    0.967065436150561786E-01    0.166124608335486670E+02    0.134210258933611692E+01    0.813864432222535239E-01    0.102673231906323181E+02    0.162085960663011641E+01    0.418900202517051012E+00
    0.768670450116500662E-29   -0.861510349264537581E+03    0.994954797981507655E+00    0.120734174988155574E+01    0.215709003173035541E+01    0.789232055279601274E+00    0.214390693198901383E+01    0.198351928828982826E+01    0.716553473102074734E+00    0.141376930003143606E+02    0.194707926405470366E+01    0.119421723437907565E+00    0.139247810277696686E+02    0.167406542687958471E+01    0.967065436150561786E-01    0.166124608335486670E+02    0.134210258933611692E+01    0.813864432222535239E-01    0.102673231906323181E+02    0.162085960663011641E+01    0.418900202517051012E+00
    0.768670450116500662E-29   -0.861510349264537581E+03    0.994954797981507655E+00    0.120734174988155574E+01    0.215709003173035541E+01    0.789232055279601274E+00    0.214390693198901383E+01    0.198351928828982826E+01    0.716553473102074734E+00    0.141376930003143606E+02    0.194707926405470366E+01    0.119421723437907565E+00    0.139247810277696686E+02    0.167406542687958471E+01    0.967065436150561786E-01    0.166124608335486670E+02    0.134210258933611692E+01    0.813864432222535239E-01    0.102673231906323181E+02    0.162085960663011641E+01    0.418900202517051012E+00
    0.768670450116500662E-29   -0.861510349264537581E+03    0.994954797981507655E+00    0.120734174988155574E+01    0.215709003173035541E+01    0.789232055279601274E+00    0.214390693198901383E+01    0.198351928828982826E+01    0.716553473102074734E+00    0.141376930003143606E+02    0.194707926405470366E+01    0.119421723437907565E+00    0.139247810277696686E+02    0.167406542687958471E+01    0.967065436150561786E-01    0.166124608335486670E+02    0.134210258933611692E+01    0.813864432222535239E-01    0.102673231906323181E+02    0.162085960663011641E+01    0.418900202517051012E+00
    0.768670450116500662E-29   -0.861510349264537581E+03    0.994954797981507655E+00    0.120734174988155574E+01    0.215709003173035541E+01    0.789232055279601274E+00    0.214390693198901383E+01    0.198351928828982826E+01    0.716553473102074734E+00    0.141376930003143606E+02    0.194707926405470366E+01    0.119421723437907565E+00    0.139247810277696686E+02    0.167406542687958471E+01    0.967065436150561786E-01    0.166124608335486670E+02    0.134210258933611692E+01    0.813864432222535239E-01    0.102673231906323181E+02    0.162085960663011641E+01    0.418900202517051012E+00
    0.768670450116500662E-29   -0.861510349264537581E+03    0.994954797981507655E+00    0.120734174988155574E+01    0.215709003173035541E+01    0.789232055279601274E+00    0.214390693198901383E+01    0.198351928828982826E+01    0.716553473102074734E+00    0.141376930003143606E+02    0.194707926405470366E+01    0.119421723437907565E+00    0.139247810277696686E+02    0.167406542687958471E+01    0.967065436150561786E-01    0.166124608335486670E+02    0.134210258933611692E+01    0.813864432222535239E-01    0.102673231906323181E+02    0.162085960663011641E+01    0.418900202517051012E+00
    0.768670450116500662E-29   -0.861510349264537581E+03    0.994954797981507655E+00    0.120734174988155574E+01    0.215709003173035541E+01    0.789232055279601274E+00    0.214390693198901383E+01    0.198351928828982826E+01    0.716553473102074734E+00    0.141376930003143606E+02    0.194707926405470366E+01    0.119421723437907565E+00    0.139247810277696686E+02    0.167406542687958471E+01    0.967065436150561786E-01    0.166124608335486670E+02    0.134210258933611692E+01    0.813864432222535239E-01    0.102673231906323181E+02    0.162085960663011641E+01    0.418900202517051012E+00
    0.768670450116500662E-29   -0.861510349264537581E+03    0.994954797981507655E+00    0.120734174988155574E+01    0.215709003173035541E+01    0.789232055279601274E+00    0.214390693198901383E+01    0.198351928828982826E+01    0.716553473102074734E+00    0.141376930003143606E+02    0.194707926405470366E+01    0.119421723437907565E+00    0.139247810277696686E+02    0.167406542687958471E+01    0.967065436150561786E-01    0.166124608335486670E+02    0.134210258933611692E+01    0.813864432222535239E-01    0.102673231906323181E+02    0.162085960663011641E+01    0.418900202517051012E+00
    0.768670450116500662E-29   -0.861510349264537581E+03    0.994954797981507655E+00    0.120734174988155574E+01    0.215709003173035541E+01    0.789232055279601274E+00    0.214390693198901383E+01    0.198351928828982826E+01    0.716553473102074734E+00    0.141376930003143606E+02    0.194707926405470366E+01    0.119421723437907565E+00    0.139247810277696686E+02    0.167406542687958471E+01    0.967065436150561786E-01    0.166124608335486670E+02    0.134210258933611692E+01    0.813864432222535239E-01    0.102673231906323181E+02    0.162085960663011641E+01    0.418900202517051012E+00
